                         FR50m         FR100m         FR200m         FR400m          BR50m         BR100m         BA100m          BA50m         FLY50m        FLY100m         IM100m         IM200m    FRRelay4P50   FRRelay4P100 IMRelay4P50_FR IMRelay4P50_BR IMRelay4P50_BAIMRelay4P50_FLY
    Miles Huang            0.0            0.0            0.0            1.0            0.0            0.0            1.0            1.0            0.0            0.0            0.0            0.0            0.0            1.0            0.0            0.0            0.0            1.0
    Curtis Wong            1.0            0.0            0.0            0.0            0.0            0.0            0.0            1.0            1.0            0.0            1.0            0.0            0.0            1.0            0.0            0.0            0.0            0.0
       King Wah            0.0            1.0            0.0            0.0            1.0            1.0            0.0            0.0            0.0            0.0            0.0            1.0            0.0            0.0            0.0            0.0            1.0            0.0
    Justin Choi            0.0            0.0            0.0            0.0            0.0            0.0            1.0            0.0            1.0            0.0            0.0            0.0            1.0            1.0            0.0            1.0            0.0            0.0
       Aaron Wu            0.0            0.0            0.0            0.0            0.0            1.0            0.0            0.0            0.0            0.0            1.0            0.0            1.0            1.0            0.0            0.0            1.0            0.0
     Frank Zhou            0.0            0.0            0.0            1.0            0.0            0.0            1.0            1.0            0.0            0.0            0.0            1.0            0.0            0.0            0.0            1.0            0.0            0.0
      Alan Wang            0.0            0.0            1.0            1.0            0.0            0.0            0.0            0.0            1.0            1.0            0.0            0.0            1.0            0.0            0.0            0.0            0.0            0.0
       Alan Sun            1.0            0.0            0.0            0.0            1.0            0.0            0.0            0.0            0.0            0.0            0.0            0.0            1.0            1.0            1.0            0.0            0.0            0.0
     Bernard Ip            0.0            0.0            0.0            0.0            1.0            0.0            0.0            1.0            1.0            0.0            0.0            0.0            1.0            1.0            0.0            0.0            0.0            0.0
Kan KikuchiYuan            0.0            1.0            1.0            0.0            0.0            0.0            0.0            0.0            0.0            1.0            1.0            0.0            1.0            0.0            0.0            0.0            0.0            0.0
    Jerry Zheng            0.0            0.0            1.0            1.0            0.0            0.0            0.0            0.0            0.0            0.0            0.0            0.0            1.0            1.0            1.0            0.0            0.0            0.0
      Aaron Sun            1.0            0.0            0.0            0.0            0.0            0.0            0.0            0.0            0.0            1.0            0.0            0.0            1.0            1.0            0.0            0.0            0.0            1.0
