                         FR50m         FR100m         FR200m         FR400m          BR50m         BR100m         BA100m          BA50m         FLY50m        FLY100m         IM100m         IM200m    FRRelay4P50   FRRelay4P100 IMRelay4P50_FR IMRelay4P50_BR IMRelay4P50_BAIMRelay4P50_FLY
    Miles Huang            0.0            0.0            0.0            1.0            0.0            0.0            1.0            1.0            0.0            0.0            0.0            0.0            0.0            1.0            0.0            0.0            0.0            1.0
    Curtis Wong            1.0            0.0            0.0            0.0            0.0            0.0            0.0            1.0            1.0            0.0            1.0            0.0            0.0            1.0            0.0            0.0            0.0            0.0
       King Wah            0.0            1.0            0.0            0.0            1.0            1.0            0.0            0.0            0.0            0.0            0.0            1.0            0.0            0.0            0.0            0.0            1.0            0.0
    Justin Choi            0.0            0.0            0.0            0.0            0.0            0.0            1.0            0.0            1.0            0.0            0.0            0.0            1.0            1.0            0.0            1.0            0.0            0.0
       Aaron Wu            0.0            0.0            0.0            0.0            0.0            1.0            0.0            0.0            0.0            0.0            1.0            0.0            1.0            1.0            0.0            0.0            1.0            0.0
     Frank Zhou            0.0            0.0            0.0            1.0            0.0            0.0            1.0            1.0            0.0            0.0            0.0            1.0            0.0            0.0            0.0            1.0            0.0            0.0
      Alan Wang            0.0            0.0            1.0            1.0            0.0            0.0            0.0            0.0            1.0            1.0            0.0            0.0            1.0            0.0            0.0            0.0            0.0            0.0
       Alan Sun            1.0            0.0            0.0            0.0            1.0            0.0            0.0            0.0            0.0            0.0            0.0            0.0            1.0            1.0            1.0            0.0            0.0            0.0
     Bernard Ip            0.0            0.0            0.0            0.0            1.0            0.0            0.0            1.0            1.0            0.0            0.0            0.0            1.0            1.0            0.0            0.0            0.0            0.0
Kan KikuchiYuan            0.0            1.0            1.0            0.0            0.0            0.0            0.0            0.0            0.0            1.0            1.0            0.0            1.0            0.0            0.0            0.0            0.0            0.0
    Jerry Zheng            0.0            0.0            1.0            1.0            0.0            0.0            0.0            0.0            0.0            0.0            0.0            0.0            1.0            1.0            1.0            0.0            0.0            0.0
      Aaron Sun            1.0            0.0            0.0            0.0            0.0            0.0            0.0            0.0            0.0            1.0            0.0            0.0            1.0            1.0            0.0            0.0            0.0            1.0
    Miles Huang          26.85          57.31         124.23         259.06           35.7          75.39           62.6          28.18          28.09          62.85          64.94         140.43          26.85          57.31          57.31           35.7          28.18          28.09
    Curtis Wong          24.42          55.36         123.77         270.62          32.58          73.09          62.91          29.18          26.73          61.05          61.94         140.26          24.42          55.36          55.36          32.58          29.18          26.73
       King Wah          24.49          54.01         125.44          272.6          29.63          65.65          62.62          29.27          27.34          60.94          63.57         137.52          24.49          54.01          54.01          29.63          29.27          27.34
    Justin Choi          26.02          56.63         128.83         270.22           34.7          77.28          65.75           30.5           27.8          63.73          66.59          143.5          26.02          56.63          56.63           34.7           30.5           27.8
       Aaron Wu          25.81          57.06         126.25         272.55          32.06          69.91          68.08          31.22          27.85          64.23          63.37         141.73          25.81          57.06          57.06          32.06          31.22          27.85
     Frank Zhou          26.47          56.83         124.03         260.25           33.9          73.08          62.39          29.32          28.46          63.52          63.94         136.63          26.47          56.83          56.83           33.9          29.32          28.46
      Alan Wang          25.16          54.67         120.32         253.05          31.73          72.02          71.55          32.17          27.23          59.71          63.13         137.83          25.16          54.67          54.67          31.73          32.17          27.23
       Alan Sun          24.01          56.17         132.21         292.39           31.3          71.72          70.19           31.7          28.44          68.09          65.31         144.59          24.01          56.17          56.17           31.3           31.7          28.44
     Bernard Ip          25.46          57.97         132.62         279.37          31.39          70.15          73.17          28.87          27.34          64.28          66.02         145.68          25.46          57.97          57.97          31.39          28.87          27.34
Kan KikuchiYuan          24.12          52.71         113.63         252.58          30.34          66.03          58.63          27.31          25.97          57.42          58.45         128.91          24.12          52.71          52.71          30.34          27.31          25.97
    Jerry Zheng           26.4          56.92         122.98          265.9          33.91          76.33          68.19          30.14          28.49          63.16          66.41         140.98           26.4          56.92          56.92          33.91          30.14          28.49
      Aaron Sun          24.96          56.29          126.8         277.84          32.47          80.44          69.86          30.57          28.19          60.99          63.78         142.36          24.96          56.29          56.29          32.47          30.57          28.19
