                         FR50m         FR100m         FR200m         FR400m          BR50m         BR100m         BA100m          BA50m         FLY50m        FLY100m         IM100m         IM200m    FRRelay4P50   FRRelay4P100 IMRelay4P50_FR IMRelay4P50_BR IMRelay4P50_BAIMRelay4P50_FLY
Kan KikuchiYuan            0.0            0.0            1.0            1.0            0.0            0.0            0.0            0.0            1.0            0.0            1.0            0.0            1.0            0.0            0.0            0.0            0.0            0.0
      Alan Wang            0.0            0.0            1.0            1.0            0.0            0.0            0.0            0.0            1.0            0.0            0.0            1.0            0.0            1.0            0.0            0.0            0.0            0.0
       Aaron Wu            0.0            0.0            1.0            1.0            0.0            0.0            0.0            0.0            0.0            0.0            0.0            1.0            1.0            0.0            0.0            0.0            1.0            0.0
   Kingston Yip            0.0            1.0            0.0            0.0            0.0            0.0            1.0            1.0            0.0            0.0            1.0            0.0            0.0            1.0            0.0            0.0            0.0            0.0
     Matthew Yu            0.0            0.0            0.0            0.0            0.0            0.0            1.0            1.0            1.0            0.0            1.0            0.0            1.0            0.0            0.0            0.0            0.0            0.0
      Aaron Sun            0.0            0.0            1.0            0.0            0.0            0.0            0.0            1.0            0.0            0.0            0.0            0.0            1.0            1.0            0.0            1.0            0.0            0.0
    Justin Choi            0.0            0.0            0.0            0.0            0.0            0.0            1.0            0.0            0.0            1.0            0.0            0.0            1.0            1.0            0.0            1.0            0.0            0.0
    Curtis Wong            0.0            0.0            0.0            0.0            0.0            0.0            0.0            0.0            1.0            1.0            0.0            0.0            1.0            1.0            0.0            0.0            1.0            0.0
       Sung Cho            1.0            1.0            0.0            0.0            0.0            0.0            0.0            0.0            0.0            0.0            0.0            0.0            1.0            1.0            0.0            0.0            0.0            1.0
       Alan Sun            1.0            1.0            0.0            0.0            1.0            1.0            0.0            0.0            0.0            0.0            0.0            0.0            0.0            0.0            1.0            0.0            0.0            0.0
    Joseph Chew            0.0            0.0            0.0            0.0            1.0            1.0            0.0            0.0            0.0            0.0            0.0            0.0            1.0            1.0            0.0            0.0            0.0            1.0
     Harry Shiu            1.0            0.0            0.0            0.0            0.0            0.0            1.0            1.0            0.0            0.0            0.0            0.0            0.0            1.0            1.0            0.0            0.0            0.0

Kan KikuchiYuan          24.72          53.68         117.34         261.35          30.34           66.2          65.32          28.41          26.88          58.39           60.2         132.65          24.72          53.68          53.68          30.34          28.41          26.88
      Alan Wang           25.8          56.13          121.9          268.4          32.07          72.34           74.0          32.32          28.06          65.42          65.03         140.02           25.8          56.13          56.13          32.07          32.32          28.06
       Aaron Wu          26.63          58.26          127.7         272.55          32.53          72.33          69.14          31.45          28.87          65.87          65.85         143.07          26.63          58.26          58.26          32.53          31.45          28.87
   Kingston Yip          25.32          55.56         133.84         285.93          32.31          71.11          63.99          29.46          28.67          66.85          64.86         151.95          25.32          55.56          55.56          32.31          29.46          28.67
     Matthew Yu          26.14          57.77         130.35         281.03          34.97           75.6          65.92          29.99          28.52          64.68          64.98         144.05          26.14          57.77          57.77          34.97          29.99          28.52
      Aaron Sun          26.55          57.16          126.8         277.84          36.57          80.44          69.86          30.57          29.64          66.04          66.09         143.66          26.55          57.16          57.16          36.57          30.57          29.64
    Justin Choi           26.9           58.1         130.69         283.85          36.39          79.61           67.1          30.94          28.93          64.65          67.22         146.56           26.9           58.1           58.1          36.39          30.94          28.93
    Curtis Wong          26.36           59.8         129.89         288.33           34.5           78.4          67.11          31.39          28.36          63.58          67.64         147.42          26.36           59.8           59.8           34.5          31.39          28.36
       Sung Cho          26.05          56.77         128.69         283.23          33.44          74.06          70.15          32.41          29.88          66.67           66.1         146.19          26.05          56.77          56.77          33.44          32.41          29.88
       Alan Sun          24.76          56.56         132.26         305.16          31.66          71.72          71.42          31.94          30.61          70.43          66.94         150.21          24.76          56.56          56.56          31.66          31.94          30.61
    Joseph Chew          27.08          62.17         136.16         298.39           31.4          67.82          74.81          34.34          29.61          70.28          66.05         145.85          27.08          62.17          62.17           31.4          34.34          29.61
     Harry Shiu          25.59          57.31         137.22         299.72          34.05          78.28          66.22          29.98          30.27          83.45           69.6         151.28          25.59          57.31          57.31          34.05          29.98          30.27
